1624426386.52196336 0 0 0 -0.522199417 0 0 -0.85282341 0 0 0 -0.000306221508 0.000156393718 -8.89245254e-06 -0.001033457 3.43548081e-05 0.0165404418 
1624426386.52853775 2.82248709e-05 -3.48474539e-06 -1.04107268e-06 0.240960819 -0.000512678393 0.00978257389 0.970485405 0.00858630562 -0.00106009657 -0.000316705371 -0.000401255769 0.0002049297 -1.16521792e-05 -0.000401255769 0.0002049297 -1.16521792e-05 
1624426386.53854084 0.000203372199 2.77476835e-05 -1.28250178e-05 0.00489215137 -0.00239735885 0.00705556177 0.999960268 0.0220162766 0.00784987606 -0.00187646943 -0.000525783421 0.000268528572 -1.52683727e-05 -0.000525783421 0.000268528572 -1.52683727e-05 
1624426386.54852724 0.000587503356 0.000187004139 -5.27811231e-05 -0.0377172571 -0.0113608346 0.0201382298 0.999020917 0.0354416466 0.019884006 -0.00474616179 -0.000688957587 0.000351865026 -2.00068332e-05 -0.000688957587 0.000351865026 -2.00068332e-05 
1624426386.55853367 0.00130272756 0.000557096483 -7.09506934e-05 -0.0157026729 0.0214899368 -0.0322756327 -0.999124563 0.060069875 0.0363163203 0.00586149405 -0.00090277201 0.000461064516 -2.62158504e-05 -0.00090277201 0.000461064516 -2.62158504e-05 
1624426386.56851888 0.00255677592 0.00125274748 9.72633651e-05 0.0802877408 -0.0265873515 0.0497302641 0.995175307 0.0914902235 0.0571197706 0.0304224295 -0.00118294263 0.000604153504 -3.4351804e-05 -0.00118294263 0.000604153504 -3.4351804e-05 
1624426386.57851839 0.00462587448 0.00243270831 0.00052720546 0.0526689095 -0.0144977292 0.0668748156 0.996264805 0.135251945 0.0833965266 0.0400913983 -0.00155006276 0.000791649419 -4.50127087e-05 -0.00155006276 0.000791649419 -4.50127087e-05 
1624426386.58854032 0.00792114597 0.00435153182 0.00116140948 0.119958816 0.00565075684 0.0743576841 0.989974185 0.193890693 0.122981579 0.0413782477 -0.00203111672 0.00103733372 -5.89821701e-05 -0.00203111672 0.00103733372 -5.89821701e-05 
1624426386.5985682 0.0130261711 0.00740833328 0.00209005138 0.152913973 0.0456537257 0.0852920862 0.983492915 0.273812016 0.17916795 0.0591051114 -0.00266146329 0.00135926488 -7.72869815e-05 -0.00266146329 0.00135926488 -7.72869815e-05 
1624426386.60857201 0.020785406 0.0122088376 0.00348399258 0.142088221 0.0877078788 0.0898266073 0.981860197 0.384255114 0.2653112 0.0715561374 -0.00348743466 0.0017811057 -0.000101272596 -0.00348743466 0.0017811057 -0.000101272596 
1624426386.61856103 0.0323693195 0.0195813612 0.00539025685 0.167937417 0.139865547 0.128791689 0.967288661 0.524275535 0.369853226 0.0714231471 -0.00456974197 0.00233386264 -0.000132702023 -0.00456974197 0.00233386264 -0.000132702023 
1624426386.61856103 0.0323693195 0.0195813612 0.00539025685 0.167937417 0.139865547 0.128791689 0.967288661 0.524275535 0.369853226 0.0714231471 -0.00456974197 0.00233386264 -0.000132702023 -0.00456974197 0.00233386264 -0.000132702023 
1624426386.62854362 0.04941953 0.0306256652 0.00799617815 0.198939948 0.177280352 0.155517747 0.951214384 0.716374012 0.510563757 0.0933531846 -0.00598793775 0.00305816484 -0.000173885409 -0.00598793775 0.00305816484 -0.000173885409 
1624426386.63853502 0.0743574153 0.0469812069 0.0117573762 0.236222879 0.210671531 0.185387067 0.930294519 0.983112298 0.702368776 0.133820341 -0.00784626326 0.00400725048 -0.000227849847 -0.00784626326 0.00400725048 -0.000227849847 
1624426386.64853501 0.110524141 0.0709142814 0.0170530101 0.299994012 0.230527966 0.184030118 0.907189818 1.32984368 0.950196472 0.154008129 -0.0102813105 0.00525087994 -0.000298561868 -0.0102813105 0.00525087994 -0.000298561868 
1624426386.65853095 0.162496468 0.105500341 0.0242359264 0.278333106 0.251561596 0.201110624 0.904876766 1.79322904 1.27157319 0.176470478 -0.013472062 0.00688046337 -0.000391218999 -0.013472062 0.00688046337 -0.000391218999 
1624426386.66853452 0.236754493 0.155069978 0.0340015919 0.369777832 0.258871345 0.195167304 0.870723667 2.41416967 1.69823111 0.217437008 -0.0176530468 0.00901577959 -0.000512631792 -0.0176530468 0.00901577959 -0.000512631792 
1624426386.67851925 0.342101588 0.225514797 0.0472418914 0.343285986 0.282777379 0.208493964 0.87104647 3.22066526 2.24548846 0.253520902 -0.0231315785 0.0118137802 -0.000671724418 -0.0231315785 0.0118137802 -0.000671724418 
1624426386.68855572 0.49094113 0.325148149 0.0650766042 0.421019342 0.278521071 0.204539798 0.838649031 4.28282543 2.96529151 0.300181243 -0.0303103443 0.0154801257 -0.000880190616 -0.0303103443 0.0154801257 -0.000880190616 
1624426386.69854045 0.699735729 0.464970519 0.0891338165 0.421897669 0.287629821 0.218319339 0.831629791 5.69199291 3.90921176 0.380044847 -0.0397170028 0.0202843027 -0.00115335322 -0.0397170028 0.0202843027 -0.00115335322 
1624426386.70855713 0.992028496 0.66069916 0.12169074 0.371122822 0.308762682 0.243119311 0.841324229 7.54318457 5.14594636 0.47932093 -0.0520429692 0.0265794311 -0.00151129043 -0.0520429692 0.0265794311 -0.00151129043 
1624426386.71852756 1.39884018 0.933123791 0.165517206 0.340641904 0.333069098 0.278023183 0.834105017 9.96267608 6.77301996 0.58759438 -0.0681942355 0.03482822 -0.00198031159 -0.0681942355 0.03482822 -0.00198031159 
1624426386.71852756 1.39884018 0.933123791 0.165517206 0.340641904 0.333069098 0.278023183 0.834105017 9.96267608 6.77301996 0.58759438 -0.0681942355 0.03482822 -0.00198031159 -0.0681942355 0.03482822 -0.00198031159 
1624426386.72854257 1.96413387 1.31176666 0.224369313 0.338377048 0.358733851 0.313536486 0.811483746 13.1403117 8.90885826 0.724744839 -0.0893579638 0.045636978 -0.00259489106 -0.0893579638 0.045636978 -0.00259489106 
1624426386.73853254 2.74612919 1.83567016 0.303225361 0.27308429 0.401336209 0.350865717 0.800779287 17.3035696 11.7104636 0.89702354 -0.117089746 0.059800178 -0.00340020207 -0.117089746 0.059800178 -0.00340020207 
1624426386.74854064 3.82572739 2.55912515 0.408737672 0.218827582 0.453216779 0.390593047 0.770808739 22.7598133 15.3832239 1.10432188 -0.153427943 0.078358854 -0.0044554372 -0.153427943 0.078358854 -0.0044554372 
1624426386.75851822 5.31113947 3.55473765 0.549620126 0.134589563 0.511347602 0.429124568 0.732298699 29.9342518 20.2134375 1.36583044 -0.201043511 0.102677119 -0.00583815909 -0.201043511 0.102677119 -0.00583815909 
1624426386.7685442 7.35330591 4.92388154 0.737609437 0.111793308 0.584297193 0.475932063 0.64775591 39.3480475 26.5654955 1.68477479 -0.263436325 0.134542432 -0.00765000156 -0.263436325 0.134542432 -0.00765000156 
1624426386.77851748 10.1500931 6.79946689 0.987863852 0.113096944 0.667725115 0.523189629 0.517324718 51.6615753 34.8730183 2.07202425 -0.345192425 0.17629698 -0.01002414 -0.345192425 0.17629698 -0.01002414 
1624426386.7886188 13.9844576 9.37147818 1.3210033 0.187217708 0.749742197 0.544687768 0.325808845 67.7998261 45.744248 2.54385346 -0.452321109 0.231009835 -0.01313508 -0.452321109 0.231009835 -0.01313508 
1624426386.79853892 19.2062689 12.8746025 1.76302015 0.0994612713 0.845382511 0.517418819 0.0878272813 88.9404031 59.9639642 3.12835161 -0.592696626 0.302702543 -0.0172114841 -0.592696626 0.302702543 -0.0172114841 
1624426386.80857182 26.3362969 17.6585418 2.35023671 0.0389913988 -0.810090705 -0.539131067 0.227091199 116.582962 78.5842015 3.8889827 -0.776636958 0.396644711 -0.0225529792 -0.776636958 0.396644711 -0.0225529792 
1624426386.81854153 36.0324789 24.1654542 3.12929733 0.0847203592 -0.691452929 -0.416401628 0.584230256 152.731127 102.98649 4.86963783 -1.01766222 0.519741346 -0.0295521796 -1.01766222 0.519741346 -0.0295521796 
1624426386.81854153 36.0324789 24.1654542 3.12929733 0.0847203592 -0.691452929 -0.416401628 0.584230256 152.731127 102.98649 4.86963783 -1.01766222 0.519741346 -0.0295521796 -1.01766222 0.519741346 -0.0295521796 
1624426386.82857227 49.2219016 33.0186188 4.16359251 0.281816377 -0.37838644 -0.105850241 0.875327915 200.025067 134.930574 6.20717968 -1.33348843 0.681040384 -0.0387235457 -1.33348843 0.681040384 -0.0387235457 
1624426386.83853006 67.1072808 45.0264522 5.53642191 0.357195656 0.236140002 0.35790206 0.82979231 262.033856 176.822234 8.07085032 -1.74732966 0.892397745 -0.0507411978 -1.74732966 0.892397745 -0.0507411978 
1624426386.84852552 91.3659059 61.3163857 7.35996649 0.0994580302 0.724689284 0.675727263 0.091248056 343.402567 231.753671 10.5029078 -2.28960439 1.16934877 -0.0664884661 -2.28960439 1.16934877 -0.0664884661 
1624426386.85851908 124.217875 83.380614 9.78049584 0.206328979 -0.278859743 -0.254978146 0.902580601 450.011013 303.715393 13.5355316 -3.00017126 1.53225011 -0.0871228176 -3.00017126 1.53225011 -0.0871228176 
1624426386.86852503 168.668024 113.239445 12.9930578 -0.0114849278 0.620292585 0.741056039 0.256790096 589.583414 397.97227 17.6898368 -3.9312589 2.00777601 -0.114160933 -3.9312589 2.00777601 -0.114160933 
1624426386.87853193 228.744242 153.601572 17.2563105 0.140512257 0.252520225 0.265482158 0.919787511 772.569341 521.569039 22.9732381 -5.15130476 2.63087891 -0.149590189 -5.15130476 2.63087891 -0.149590189 
1624426386.88857055 309.896429 208.132338 22.9138181 0.125585319 0.0636054832 0.0915529018 0.985799542 1012.36856 683.548743 30.084903 -6.74998555 3.44735857 -0.19601473 -6.74998555 3.44735857 -0.19601473 
1624426386.89857626 419.344174 281.687428 30.4194487 0.0780460445 0.485723733 0.527509544 0.692614577 1326.53067 895.751093 39.4224829 -8.84480866 4.51722847 -0.256846887 -8.84480866 4.51722847 -0.256846887 
1624426386.90857887 566.872211 380.848851 40.376137 0.186482625 -0.293237705 -0.378529393 0.857876085 1738.22743 1173.8811 51.5499322 -11.5897493 5.91912696 -0.33655799 -11.5897493 5.91912696 -0.33655799 
1624426386.91856384 765.539906 514.402229 53.5808411 0.262357295 -0.128843078 -0.205463896 0.933998232 2277.53627 1538.21605 67.4905538 -15.186568 7.75609739 -0.441007022 -15.186568 7.75609739 -0.441007022 
1624426386.91856384 765.539906 514.402229 53.5808411 0.262357295 -0.128843078 -0.205463896 0.933998232 2277.53627 1538.21605 67.4905538 -15.186568 7.75609739 -0.441007022 -15.186568 7.75609739 -0.441007022 
1624426386.92853594 1032.88093 694.14442 71.0912786 0.0993684083 -0.679597807 -0.622930858 0.374472811 2984.23231 2015.67972 88.4377773 -19.8996408 10.1631621 -0.57787127 -19.8996408 10.1631621 -0.57787127 
1624426386.93853664 1392.53599 935.983664 94.3119157 0.215636815 0.329996992 0.443307453 0.805034938 3910.23527 2641.41446 115.664967 -26.0753915 13.3172469 -0.75721063 -26.0753915 13.3172469 -0.75721063 
1624426386.94852757 1875.89316 1261.04305 125.095005 0.202377561 -0.356364646 -0.312672674 0.856903356 5123.70235 3461.45439 151.488662 -34.1677543 17.4501856 -0.992207032 -34.1677543 17.4501856 -0.992207032 
1624426386.95852375 2525.17803 1697.7419 165.901427 0.318955248 -0.0812108269 -0.0923811843 0.939754259 6713.54513 4535.90297 198.41621 -44.7715401 22.8657604 -1.30013335 -44.7715401 22.8657604 -1.30013335 
1624426386.96854305 3396.99319 2284.18005 219.993001 0.399362484 -0.0584240989 -0.074765174 0.911869727 8796.82574 5944.00209 259.987586 -58.666156 29.9620309 -1.70362301 -58.666156 29.9620309 -1.70362301 
1624426386.9785161 4566.18934 3070.74369 291.664428 0.300732271 0.760086003 0.565775347 0.108294161 11526.6308 7789.32705 340.710318 -76.8728941 39.2605922 -2.2323336 -76.8728941 39.2605922 -2.2323336 
1624426386.98853254 6134.57004 4125.97188 386.650051 0.433957877 0.231287718 0.501225379 0.712011005 15103.9663 10207.4873 445.900301 -100.729999 51.4449139 -2.92512679 -100.729999 51.4449139 -2.92512679 
1624426386.99854302 8236.52231 5540.34415 512.490899 0.489310718 0.270906656 0.514441956 0.650026214 19791.146 13376.2801 583.693551 -131.991033 67.4105769 -3.83292476 -131.991033 67.4105769 -3.83292476 
1624426387.00855446 11052.3121 7435.24367 679.192085 0.137279273 -0.651131719 -0.127096568 0.735546292 25933.001 17528.8508 763.869506 -172.953768 88.3311007 -5.02245314 -172.953768 88.3311007 -5.02245314 
1624426387.01853919 14821.6322 9972.07758 899.962844 0.164329218 -0.727310325 -0.292643486 0.598644627 33981.0514 22970.1997 999.523481 -226.629075 115.744201 -6.58114549 -226.629075 115.744201 -6.58114549 
1624426387.01853919 14821.6322 9972.07758 899.962844 0.164329218 -0.727310325 -0.292643486 0.598644627 33981.0514 22970.1997 999.523481 -226.629075 115.744201 -6.58114549 -226.629075 115.744201 -6.58114549 
1624426387.02854371 19866.92 13367.9958 1192.3577 0.348893982 0.435543334 0.553360214 0.618358688 44527.0208 30101.0029 1308.30552 -296.962237 151.664815 -8.62356995 -296.962237 151.664815 -8.62356995 
1624426387.03853059 26615.2025 17910.6072 1579.51645 0.354306856 0.597994517 0.603547601 0.390639863 58344.7095 39445.4516 1713.50683 -389.122931 198.733206 -11.2998503 -389.122931 198.733206 -11.2998503 
1624426387.04853749 35640.1333 23986.3217 2092.17097 0.203853287 -0.376135268 -0.0483436159 0.902567999 76450.8111 51691.5075 2243.5666 -509.885219 260.409028 -14.8067004 -509.885219 260.409028 -14.8067004 
1624426387.05852628 47701.4993 32106.9491 2770.81699 0.339925897 -0.00421256615 0.293749525 0.893388972 100174.759 67737.5364 2937.06356 -668.12546 341.225623 -19.4018832 -668.12546 341.225623 -19.4018832 
1624426387.06852007 63817.2161 42958.2468 3669.17103 0.120661183 0.722114713 0.671607596 -0.113729753 131260.147 88765.1185 3845.27233 -875.474741 447.123231 -25.4231573 -875.474741 447.123231 -25.4231573 
1624426387.07851744 85342.0507 57452.9844 4858.23484 0.170283378 -0.0580192881 0.234480578 0.95533041 171992.823 116321.906 5035.13129 -1147.1738 585.885613 -33.3131027 -1147.1738 585.885613 -33.3131027 
1624426387.08853745 114085.684 76810.5244 6432.05254 0.258290183 0.112467201 0.401151944 0.871615987 225361.662 152428.642 6593.76573 -1503.19325 767.712182 -43.6516519 -1503.19325 767.712182 -43.6516519 
1624426387.09855652 152450.177 102649.482 8514.74279 0.150564962 -0.467155188 -0.200573097 0.847860045 295290.841 199746.052 8634.16308 -1969.7015 1005.96769 -57.1987162 -1969.7015 1005.96769 -57.1987162 
1624426387.10854077 203625.491 137119.543 11270.1576 0.19188637 -0.255632066 0.0630560638 0.945439475 386923.701 261753.116 11303.5728 -2580.98818 1318.16456 -74.950042 -2580.98818 1318.16456 -74.950042 
1624426387.11854124 271889.8 183104.013 14915.8405 0.184196411 0.566586204 0.725806067 0.343885604 506987.388 343006.926 14796.594 -3381.98451 1727.25011 -98.2103998 -3381.98451 1727.25011 -98.2103998 
1624426387.11854124 271889.8 183104.013 14915.8405 0.184196411 0.566586204 0.725806067 0.343885604 506987.388 343006.926 14796.594 -3381.98451 1727.25011 -98.2103998 -3381.98451 1727.25011 -98.2103998 
1624426387.12853885 362910.988 244423.039 19738.694 0.236804595 -0.219707663 0.026098378 0.94602907 664308.753 449486.285 19380.5488 -4431.56591 2263.29324 -128.689489 -4431.56591 2263.29324 -128.689489 
1624426387.13853264 484237.737 326164.814 26118.206 0.310071359 0.28528035 0.479093409 0.77002622 870447.43 589019.279 25378.3915 -5806.87946 2965.6946 -168.627607 -5806.87946 2965.6946 -168.627607 
1624426387.14853072 645921.911 435105.356 34556.2471 0.256010047 0.416445059 0.60899149 0.624629277 1140550.33 771873.351 33236.5058 -7609.01447 3886.08257 -220.960312 -7609.01447 3886.08257 -220.960312 
1624426387.15853333 861329.244 580255.259 45716.1322 0.0334145983 0.721949804 0.684032377 -0.0988516726 1494466.52 1011492.36 43532.4666 -9970.43275 5092.1082 -289.534202 -9970.43275 5092.1082 -289.534202 
1624426387.16854501 1148243.65 773604.54 60474.9223 0.158115044 -0.157807078 -0.119789894 0.967340137 1958227.02 1325514.34 57029.2888 -13064.705 6672.41764 -379.389645 -13064.705 6672.41764 -379.389645 
1624426387.17852902 1530213.16 1031030.27 79989.0095 -0.0364532736 0.555878562 0.826919225 -0.0766471089 2565856.43 1736983.65 74712.3874 -17119.2686 8743.16794 -497.131258 -17119.2686 8743.16794 -497.131258 
1624426387.18855381 2038811.18 1373822.67 105794.662 0.023572784 -0.0476450511 -0.220505263 0.97393619 3362034.15 2276167.42 97911.1007 -22432.1451 11456.5649 -651.413373 -22432.1451 11456.5649 -651.413373 
1624426387.1985352 2715516.93 1829952.05 139908.235 0.0179106588 -0.153365759 -0.34891738 -0.924345614 4405218.53 2982659.27 128329.551 -29393.8453 15012.0505 -853.576144 -29393.8453 15012.0505 -853.576144 
1624426387.20853901 3616007.73 2436966.8 185010.262 -0.0047368404 0.140598728 0.409311789 -0.901484009 5772084.68 3908432.2 168162.042 -38516.0731 19670.9628 -1118.47909 -38516.0731 19670.9628 -1118.47909 
1624426387.21854138 4813867.22 3244493.8 244631.593 0.0287452773 -0.429335774 -0.812417595 -0.393474463 7563026.04 5121565.23 220415.621 -50469.3372 25775.7443 -1465.59328 -50469.3372 25775.7443 -1465.59328 
1624426387.21854138 4813867.22 3244493.8 244631.593 0.0287452773 -0.429335774 -0.812417595 -0.393474463 7563026.04 5121565.23 220415.621 -50469.3372 25775.7443 -1465.59328 -50469.3372 25775.7443 -1465.59328 
1624426387.22853494 6406861.34 4318473.85 323438.199 -0.00626045671 -0.29383656 -0.584005937 0.75667559 9909671.21 6711273.2 288843.338 -66132.2349 33775.1133 -1920.43258 -66132.2349 33775.1133 -1920.43258 
1624426387.23853016 8524983.07 5746590.2 427598.533 -0.010619531 -0.263963327 -0.614618126 -0.743273265 12984410.8 8794388.2 378469.732 -86656.0319 44257.045 -2516.4289 -86656.0319 44257.045 -2516.4289 
1624426387.2485342 11340872.6 7645300.21 565262.278 -0.106038483 0.378956696 0.640104148 -0.659859335 17013202.2 11524091 495823.443 -113549.283 57991.99 -3297.38959 -113549.283 57991.99 -3297.38959 
1624426387.25853133 15083316.7 10168945 747184.342 0.108216234 -0.0385583674 -0.204636044 0.972073345 22292240.7 15101219.1 649841.28 -148788.716 75989.5041 -4320.71739 -148788.716 75989.5041 -4320.71739 
1624426387.26853275 20056486.4 13522735 987586.937 0.166403037 -0.11743696 -0.258184484 0.944383059 29209244.6 19788667.9 851801.672 -194964.524 99572.4536 -5661.62969 -194964.524 99572.4536 -5661.62969 
1624426387.27852225 26663245.4 17978480.3 1305231.02 0.238639927 -0.462987197 -0.592726969 0.614303329 38272626.2 25931370.8 1116508.17 -255470.756 130474.25 -7418.68717 -255470.756 130474.25 -7418.68717 
1624426387.28855538 35441445.9 23900226.8 1724139.11 0.511141223 0.379043729 0.372519734 0.67549208 50197264.8 34238590.6 1295128.68 -334754.784 170808.457 -9723.83499 -334754.784 170808.457 -9723.83499 
1624426387.2985394 1.28341881e+10 3.50963157e+09 -5.7473211e+10 0.701592509 -0.213768701 -0.064900763 0.676652632 2.56157817e+12 6.96731641e+11 -1.15134984e+13 -438644.199 223780.075 -4191.30818 -438644.199 223780.075 -4191.30819 
1624426387.30856204 2.74472136e+27 -5.13986523e+26 1.88159301e+27 0.641465994 0.576833483 0.175458362 0.474340462 5.47704257e+29 -1.02565095e+29 3.75468533e+29 -583076.438 100315.206 -1806.59836 -583076.438 100315.206 -1806.59836 
1624426387.31854296 5.23825081e+27 -9.80933934e+26 3.59098605e+27 0.0141822198 -0.913423175 -0.402436257 0.0591779236 3.49397543e+29 -6.54294571e+28 2.3952303e+29 -361909.513 1.56927543e+57 -1059.04042 -361909.513 1.56927543e+57 -1059.04042 
1624426387.31854296 5.23825081e+27 -9.80933934e+26 3.59098605e+27 0.0141822198 -0.913423175 -0.402436257 0.0591779236 3.49397543e+29 -6.54294571e+28 2.3952303e+29 -361909.513 1.56927543e+57 -1059.04042 -361909.513 1.56927543e+57 -1059.04042 
